Data/EPIC 211315836/EPIC 211315836-c05_pars.txt : Parameter values
        p_ref=1.3756858905781157
        t0_ref=2307.460591777862
        ttvs=[0.04903001691437128, 0.04363568247666053, 0.1395178370651435, 0.05084680025902279, 0.013719346852053891, 0.054768300500851644, 0.050785505972940445, 0.14518595989290187, 0.01740195403337844, 0.03126845964092631, 0.061792254141509434, 0.06600631701491355, 0.0512488957713277, 0.06508954550313303, 0.05510853816457885, 0.1111445694221084, 0.03569851672661843, 0.06618803961641785, 0.009114829891154379, 0.002233011739675941, -0.05571565290936924, -0.01131321807068137, 0.04461031897078014, -0.04552196646380233, 0.04919885014343337, -0.04861957506756895, 0.03530657068273, 0.050962528699538344, 0.0027137971847999605, 0.016017818610312002, -0.031099921576923206, 0.03357069296023836, 0.047380649270978584, 0.049466202208875584, 0.043977175415070256, 0.04731434056107012, -0.010354466606263452, 0.0034397461833639963, 0.04738026668382374, 0.05122227377416791, 0.03375777342918048, 0.03757417282194646, 0.05128528876121374, 0.07518816210863086, 0.04773418422726751, 0.05138953709734648, 0.054789546788411914, 0.05829078863146944, 0.051563227399634426, 0.014156074522266707, 0.0789201100495962, 0.05173454006035003, 0.044955650897669966, 0.0996036537300211]
e_ttvs=[0.00027712910753126263, 0.00021220187588771172, 0.0001907341887797398, 0.00022380071936085183, 0.006327188171073264, 0.00022168045502438116, 0.00020041056570205273, 0.019385284650867945, 0.0002546528907345358, 0.0020423907725875927, 0.00023656791408852018, 0.006126278015130139, 0.00021385256367544708, 0.00022096008572042303, 0.00019836952729498925, 0.015220200997996258, 0.008449498735122782, 0.004956242889148685, 0.0015798939106498279, 0.0003679850438565793, 0.011364145420490177, 0.0005000405428380577, 0.0203199088355276, 0.0003582440578130536, 0.00022295164407961504, 0.07048016611529082, 0.00021427603952156593, 0.0015140986357247907, 0.02046741621973904, 0.040497381967092516, 0.00025386110327222516, 0.030691394272080237, 0.010469344551190134, 0.0002230425300749489, 0.00034112643515171737, 0.010239927546079247, 0.0003582651524837461, 0.0003725277093409949, 0.010121230932119377, 0.00036331952598521455, 0.030456218369018146, 0.0003399310760840227, 0.0002868239323124827, 0.010277964026223996, 0.0101711586245498, 0.0002803517824077201, 0.010338605737084727, 0.00024088556688485474, 0.00023241162673837135, 0.010405658547379674, 0.00027905748423173726, 0.00029434190129936505, 0.00021824361162881, 0.041084200237950765]
E_ttvs=[0.000268267378189975, 0.00021435684558653717, 0.0003146072865547189, 0.00022465364692546286, 0.004224040651558682, 0.00023451627974142852, 0.00022732534619956946, 0.02116352224406945, 0.011804399346457679, 0.016659473211405325, 0.00022357549414097483, 0.008771013280144443, 0.00023085457283268662, 0.00023720616279429563, 0.00020946886637998596, 0.009433684314994945, 0.005452918520014213, 0.00651470708859056, 0.0015510828821647914, 0.000409601744568226, 0.009168021563286985, 0.0005913276901716776, 0.00026512906650293794, 0.0007009282814349066, 0.00023276451621878635, 0.07041971224319224, 0.00022928107000225878, 0.000619948661326794, 0.020739253228624067, 0.04076180474041337, 0.0002683909873635003, 0.03083278935346541, 0.010298625621616403, 0.00022481944790105762, 0.00033472631625971333, 0.010337718506441232, 0.0003360890183875219, 0.00038342080138065995, 0.010449885624618682, 0.00036577516626459805, 0.031045348195752408, 0.00031325931878047053, 0.00027438412786943284, 0.010236255050094997, 0.01049572188937109, 0.0002575782070486504, 0.010461581151616717, 0.00024157165353756727, 0.00022605085322190133, 0.010330220087228933, 0.00025564404021705123, 0.00027735691878750385, 0.00023384797478895325, 0.0410826592625259]
mean=1.0000491842873005
t0=0.00766953502965924
u=[ 0.01774348 -0.00360847]
r=0.028287150568422775
b=0.00756370141923062
e_mean=1.5387642837705329e-06
E_mean=1.4767287073169655e-06
e_t0=0.00010057668265294785
E_t0=0.00010387035422086081
e_u=[0.01298033 0.01304023]
E_u=[0.02466278 0.00829853]
e_r=0.00011164494404156469
E_r=0.00011174538642243562
e_b=0.005310217194352461
E_b=0.008679773978731055
