212088059
211526186
211821192
211503363
211743874
211442297
212119244
211498244
211422931
212152114
211946007
211428897
211541590
211510580
212083250
212009427
212012030
211519965
212006344
211924657
212159623
211516501
211718187
211945201
211897691
211439059
211896651
211925181
211925595
211733267
212157262
211817229
211413752
211713099
212021516
211972744
212082682
211731298
211319617
212154564
211351097
212088895
211910237
211959012
212020442
211763214
211770696
211818569
211744153
211391664
212008766
211969807
212037403
211417727
211843564
212085740
212132195
211736671
211418729
211315836
212110007
211837343
212024647
211355342
228682450
211430148
211897272
211682544
211606790
211469889
211611158
211525389
211509553
211645912
211736305
211886472
211407755
211642307
212150006
211418290
211509975
211822797
211913395
212069861
211705654
211431013
211442571
211539054
212088968
212120773
211351816
211770578
211579112
211399359
211885185
211409299
211791178
211913977
212099230
212069706
211383821
211535327
211822953
211800191
211432946
211492449
211613886
211825799
212141021
212096658
212110888
212006318
211972837
212011230
211772227
211916756
212012119
212072539
211564796
211894612
211732801
211357309
211796070
211619879
211491383
211419451
211431505
211788221
211770390
211987878
212009150
212161956
211919004
211401787
211812160
211762841
211783206
211834065
211680698
211906259
211816003
211551160
212163353
212109135
211786983
212157058
211331236
211563123
211359660
211797637
211505089
211529065
211411112
211432103
211978988
212130773
212019055
211579683
212136123
211432922
211562654
211923431
211327855
211814733
211586387
212164470
211991987
211995398
211703878
211997641
212009702
211633458
211594205
211754962
211929937
211941472
211490999
212012387
211770795
212066407
211779390
