Data/EPIC 211331236/EPIC 211331236-c05_pars.txt : Parameter values
p_ref=1.2914758136627325
t0_ref=2307.1961221153115
ttvs=[-0.004815043943272012, -0.003021664938803682, -0.004112804260378958, -0.0057776947447518105, -0.0021243752415018085, -0.001061113778635624, -0.00881192990274575, -0.0017825561587041356, -0.00544867928463758, -0.00043093661394500235, -0.005517210069908806, 0.002461545745858434, -0.006031295491556048, 0.00066270394552758, -0.005520453172450505, 0.0013408140269527751, -0.007963592747093112, -0.00502464595682825, -0.0036035553256253093, 0.017357603089870735, -0.0004249500488666152, 0.00022610370800114, -0.0003133642316835859, -0.018242605288281415, 0.011235010145465511, -0.0021384807318517735, -0.0027063613452969447, 0.0009175798584172791, -0.13097423302256334, 0.015374293621242381, 0.0009348275544048016, -0.003600109657063024, 0.0005827985312753388, -5.519008976835542e-05, -0.001096979815541676, 0.0024289837285831166, -0.00010142035834759852, 0.0028878484072745476, -0.008570236239971565, 0.008691235193774394, 0.0014806932861680484, -0.00024760169311053475, 0.022253386795368597, -0.000710611973688061, -0.002691968428178698, 0.003874073068009267, -0.003214946226962558, -0.004356387539767872, -0.0033925602841411084, -0.013094278339838068, 0.008700373289396903, -0.0005796222654446817, -0.005008400995040749, -0.02242461958895299, 0.0023303559457088286, 0.00174885965243782, 0.0031381112191532492, 0.0018547627825243633]
e_ttvs=[0.0021985334139533654, 0.0054965820901828515, 0.001932717498266825, 0.0038951726349234824, 0.0022770992967649298, 0.004267897074970108, 0.0027267661798139418, 0.002596025949591545, 0.002767000250830037, 0.0025505557062489724, 0.0019646593903633134, 0.0017877502697427486, 0.0031957532355377082, 0.002081372126859648, 0.001783508747139664, 0.0018216296768767985, 0.0037560477667638106, 0.002208103590448098, 0.0028474660719478087, 0.0018345195036266401, 0.0029050947169061902, 0.002938919416025145, 0.0033381301214991475, 0.00301534143809103, 0.007042051095892684, 0.0041474425526268075, 0.002604200787768733, 0.0020910952068647916, 0.0019357887881839286, 0.0008185118763023112, 0.0019500036918419761, 0.002979807059339155, 0.00204163734686953, 0.0034021884463601277, 0.003174029972780107, 0.0023423670844803872, 0.0032629883609297037, 0.003237700461391135, 0.0032453001046817767, 0.006284226150710235, 0.002631794788185149, 0.0029364270041552297, 0.003066651051697098, 0.003318248725798861, 0.0026625570312217178, 0.002405805258036928, 0.0027473774331178494, 0.002222561240201768, 0.0025961869468604367, 0.0015359422555458226, 0.0018679381062873673, 0.002590054913591254, 0.002598620608235941, 0.0016167819147661806, 0.0023549096464988545, 0.004211644177653979, 0.0029131003812204828, 0.0035718585638692445]
E_ttvs=[0.0038775860436178144, 0.005180560335160947, 0.00229284860054042, 0.00403249964783533, 0.004233108171730999, 0.002354680387836059, 0.002865576924657426, 0.0025613493115386895, 0.0030338504071349406, 0.0025659854543100325, 0.002812578163955406, 0.001538927303376349, 0.0029586079065668856, 0.003630209328668688, 0.0030487089617645896, 0.0019507980262050556, 0.0021643594819278104, 0.00279048357433123, 0.0020283787428197614, 0.002569946001598402, 0.00810045346171296, 0.0027056269714350466, 0.0019730627742903764, 0.0023560184251794486, 0.0026258527726533074, 0.0015683038544150164, 0.0030961098716595302, 0.002988370240782471, 0.001686390880527966, 0.0017344636910166036, 0.0025438907323499156, 0.00423628020361443, 0.003954480611703039, 0.004361639866447613, 0.00222726174601965, 0.002293688093813427, 0.0024139344672649875, 0.002963750028761817, 0.002254713094625404, 0.007522898403867641, 0.0023717220516375945, 0.002281483142290712, 0.003015765800977354, 0.002388108413533285, 0.002157696283417223, 0.002648173286296159, 0.002186756770284918, 0.0022754259072208407, 0.003333205520913328, 0.008226780237502347, 0.002057835835738228, 0.0022107605029330546, 0.006899845480265362, 0.0012981702710885244, 0.002351823664909577, 0.0045375510821107435, 0.002597769272126224, 0.002412970454026793]
mean=1.0000308400887088
t0=-1.977040393872513e-05
u=[ 1.36828579 -0.56166913]
r=0.040333120198161924
b=0.7784401402125889
e_mean=4.504295946006209e-06
E_mean=4.465798833397372e-06
e_t0=0.00023711433770481357
E_t0=0.0002426066599586174
e_u=[0.25629122 0.15449577]
E_u=[0.15559599 0.32292761]
e_r=0.001102567453544985
E_r=0.0009129460874811798
e_b=0.00842945809338258
E_b=0.007488564649196228
