Data/EPIC 211800191/EPIC 211800191-c05_pars.txt : Parameter values
        p_ref=1.1062955292200873
        t0_ref=2306.639648364478
        ttvs=[-0.0013849733705984173, 0.00545596197048496, 0.0038414804687854106, 0.003023830360680404, 0.00045249758585318574, 0.001619620676489942, 0.002802842904491411, 0.0058542648527386935, 0.004696939477445251, 0.0023317554966461908, 0.003101755881820626, 0.0020930584261818486, 0.0007075237431117534, -0.0007382767100427173, 0.0032370241100127158, 0.004187978867141286, 0.0033653878711820987, 0.0009847795531272587, 0.0013438735324516724, -0.0005499443088744702, -0.002015130550032449, 0.004230326693995982, 0.0007480195044915117, 0.003410058564840306, 0.0010940265541410851, 0.001303453637109907, -0.0018597433580053034, -0.002191338720479858, 0.001364179387716778, -0.010954682579785682, 0.0017884158133991933, 0.00043400625700300093, -0.0016975477291738656, -0.0008655921485489261, -0.0005019854932078571, -0.0020637536960260586, 0.00026833247199408545, -0.0004302470580122338, -0.002549723850584099, -0.0013572931195815596, 0.004060675407550908, -0.0014933085338210347, -0.0038028674444398366, -0.00266191194817394, -0.003491620607432078, -0.0010710484468538079, -0.00022553639385221243, -0.0029113523568687497, -0.0031070161633995176, -0.00027747280349667427, -0.009191751312184034, -0.00037122563267254476, -0.0027337750137181307, -0.0025391579681977054, -0.0031920174101446952, -0.006792555055617825, -0.007220810622875302, -0.003932428378538348, -0.001041501766263094, -0.0024633952758501805, -0.00300576357679884, -0.00485282125439976, -0.004576922908429468, -0.005859087264910712, -0.0015719151894471254, -0.001969981629013286, -0.002871989905876937, -0.002500561343082689]
e_ttvs=[0.0012409667179617686, 0.0007943036811755497, 0.000672101599166195, 0.0007230005543153706, 0.0006899145371727973, 0.0006928497104669336, 0.0016864952078906668, 0.0011757491601219602, 0.0010113526269655195, 0.0007423052973425271, 0.0006961547491964554, 0.0006958687960102433, 0.0007233115268674061, 0.0010263367862437844, 0.0014983646350754498, 0.0010906806949354817, 0.0007210324712625281, 0.0006858042750139293, 0.0007548615640520685, 0.0007735137625510405, 0.0007699302035504871, 0.001953074477961008, 0.001407057013160959, 0.0006133167026504214, 0.0006986847608335138, 0.0007071647991733089, 0.0007382447529542509, 0.0009551527422759143, 0.0014308777983820574, 0.0010327891253908133, 0.0006511794080778523, 0.0007132825192510899, 0.0007249928008633091, 0.0007047614493395718, 0.0014735839398904319, 0.00132976268159485, 0.0013819363251022345, 0.000951557824074373, 0.0007781734828883366, 0.0007040526024389775, 0.001274546029802565, 0.0013639880268816146, 0.0013429620255665507, 0.0014635233870738925, 0.0014827126398568222, 0.0006898728566000823, 0.0009105663559855128, 0.0006958917847450551, 0.0008759313696674919, 0.001267739129307861, 0.0009018796583945866, 0.0006774400157394769, 0.000750521310396276, 0.0006689348557067836, 0.0008004468328534752, 0.0007591401971079308, 0.0008429143185469017, 0.0014536729387800073, 0.0007416585877247927, 0.0007769309752774824, 0.0007342782709773709, 0.0007368292917898662, 0.001147328032405877, 0.0010813266524951383, 0.0018228370210625398, 0.0008931660388009671, 0.0007226027606434008, 0.0008114779730517005]
E_ttvs=[0.001525616826643599, 0.0007997746316604406, 0.0007680579220112334, 0.000645017878565508, 0.0007526341887089548, 0.0007600069518303376, 0.0013382940016432193, 0.0010388209266408875, 0.0007131781074675653, 0.0006361008768177444, 0.0007400097873421128, 0.0007292099409467578, 0.0006735232277892973, 0.001731656558505099, 0.0014483468142559028, 0.0008516897846996777, 0.0007431362130056515, 0.0007756696825438046, 0.0007342494734977239, 0.0006947916350688425, 0.00101806871465507, 0.002092956332651115, 0.0011617365738236728, 0.0007068266824711124, 0.00068302080569037, 0.0006263488290999869, 0.000725541806573545, 0.0011311892543892103, 0.0011877823357839034, 0.0010584130122439674, 0.0007028779273545102, 0.0007274534695508833, 0.0008040020491993212, 0.000735651634034825, 0.0016146521192736075, 0.0012224170249720229, 0.0012368194354357757, 0.0007908010647349434, 0.000717681945603176, 0.0007642810766670821, 0.0012367870247351146, 0.0014659883598006924, 0.0014853147461360602, 0.001527522144809143, 0.0014519121146474678, 0.0007997874477080068, 0.0008675724771491501, 0.0007638952724104771, 0.001144716194230963, 0.0013417131644674458, 0.0011187886592959346, 0.000718866174258007, 0.0006886540855848482, 0.0007628999368261044, 0.0007648665963903506, 0.0007254361330914835, 0.0010691933776597745, 0.001267417496146722, 0.0007048817965288721, 0.0007914629698384061, 0.000766161863839411, 0.000653451614061995, 0.0011025119510099175, 0.0013078828552748932, 0.0017191741991965576, 0.0007462707211524804, 0.0007749371024167724, 0.0007805883143868308]
mean=1.0000036796466287
t0=1.8593642388963688e-05
u=[ 1.95558463 -0.9684335 ]
r=0.040403122373370334
b=0.7688399253383276
e_mean=1.407818912113612e-06
E_mean=1.3607431794682157e-06
e_t0=9.864056929274122e-05
E_t0=0.00010079664710769526
e_u=[0.03001444 0.01695001]
E_u=[0.0230118  0.02440162]
e_r=0.000441871115474661
E_r=0.0004913401450186358
e_b=0.006248751959429644
E_b=0.007741049586500015
