Data/EPIC 212150006/EPIC 212150006-c05_pars.txt : Parameter values
        p_ref=0.8982182066813363
        t0_ref=2306.9854993692425
        ttvs=[-0.008829552596261989, 0.0004919684065173017, -0.004527797224055228, -0.0038434716960117836, -0.002627606216177253, -0.0034233270448525144, -0.0047852508803277035, -0.0015412677859066076, 0.0027138499292787784, -0.0070915929593890325, 0.0008211350066395443, 0.0013963983902036182, -0.001466948623769619, -0.0025528628697703603, 0.0004559486946794064, 0.0017735831346025444, -0.0023679344285081633, -0.001321296271137697, 0.001062489943845335, -0.0036242555415947, 0.00011577588128452234, 0.0018757560770461812, 6.841529739861472e-05, -0.005251938527725663, -0.00040855185399541784, -0.002747355290554387, 0.003103430426088545, -0.007769205514028088, -0.001485342040301472, 0.012841028746254975, -0.0064577943807329055, -0.002752974666112051, -0.00018385760482131708, -0.0012768507878685065, -0.000862738061376915, 0.003708260707207505, 0.0023062368945284887, -0.0030952823325479323, 0.003598939849827283, 0.005286751278756087, 0.001963498090507094, 0.007264863139839968, -0.0013946330870383957, -0.001985655089021433, 7.745754016904175e-05, -0.021322677729218396, -0.0006202057773572134, 0.007813627333730647, 0.0038926629231680557, 0.002806751363617499, 0.005610897853118434, 0.0004316600576169937, 0.0017832404689724385, 0.00664274584206196, -0.0038015845196992717, 0.0025429274995692336, 0.00408979178271668, 0.004184309866968017, 0.004088149532660781, 0.006614747748488049, -0.0014933033304857684, 0.03230906144511078, -0.011856438017937322, 0.0033271869944079754, 0.0034798504677914887, 0.0007445881805717475, -2.061373171122266e-05, 0.001061123510366697, 0.00774963328998004, 0.0025417345695805888, 0.002694516798890627, 0.0060889080075198325, 0.004044147216253459, 0.0035947449560014347, 0.0006416516869759592, 0.0030868241160736725, 0.010502631278331847, 0.008021274952430244, 0.0027870288953452983, 0.004688777362619381, -0.005384658455538999, 0.0013221478063128404, 0.006183553598309661]
e_ttvs=[0.002333106815430624, 0.004224552899997522, 0.0025708151553506817, 0.0024600655136102494, 0.0023293155567321454, 0.0021090300112884585, 0.004390295461066641, 0.0030421939989575455, 0.002342232908724635, 0.0053631592954905116, 0.0035651180721915964, 0.004231317987633286, 0.007305174719252709, 0.004773199647911828, 0.003994831835766754, 0.005843279851907702, 0.00457560189615909, 0.0047495832612895715, 0.0048815571234873106, 0.004647005728946354, 0.0040700129217960635, 0.004405248497014232, 0.004021364302136766, 0.0030607456182204385, 0.004308448985295559, 0.0037921162691928597, 0.005718188240667832, 0.0028069669353951157, 0.0026322159958817584, 0.004133077660476376, 0.005247733158010443, 0.0025133118238295418, 0.002624872982256387, 0.0030506816181840074, 0.0028545806855726813, 0.0025951678634138975, 0.002520549825284632, 0.0029077208558809233, 0.002360245648892402, 0.0028239497379682677, 0.002810972171339299, 0.0026284431665667424, 0.006133332305458694, 0.005223619459390027, 0.004817473718769911, 0.005617819140922055, 0.0046162215141401985, 0.002683512264699892, 0.0035522517311461763, 0.005013451443131587, 0.005552875308542373, 0.003465235678869248, 0.005506207428546804, 0.0043559158960322746, 0.002662615528213218, 0.0045184158261051665, 0.003918884483203428, 0.005321401830104515, 0.006337873752491783, 0.007082234939464595, 0.0027067153229503454, 0.006245135397890601, 0.008633458390057722, 0.0027127511543565564, 0.0031252273734132196, 0.005045390265560887, 0.004287165185777572, 0.0035297401043622965, 0.002811001990641075, 0.004241657394576499, 0.004287026720985809, 0.0035153110567642046, 0.004939348119702477, 0.006501138162110488, 0.005007108265674761, 0.00646965399095336, 0.003043951250048007, 0.004950048629390278, 0.0035628152117780105, 0.006574137630033062, 0.006650757280575514, 0.004019653573398842, 0.004388908879046803]
E_ttvs=[0.002687285361352901, 0.005303391127283835, 0.004776361033109022, 0.0029472876510990473, 0.00290449298636716, 0.0023587003438040417, 0.002281972344507273, 0.0023263591815032318, 0.0025342200326547008, 0.004657264880928082, 0.003342442433604119, 0.003648392675510205, 0.0035634811927358827, 0.003361280764856386, 0.0024579905813207005, 0.0024382688940126573, 0.003952597232450547, 0.0047745102696879005, 0.0035945713025828316, 0.0041540245004641685, 0.0034029087708883016, 0.003338858111024079, 0.004460412396023214, 0.0037118822139130185, 0.004079531515242502, 0.006049060994581893, 0.004518727672054121, 0.0026784133105945806, 0.00347491410384215, 0.0036340023427327214, 0.004029587617281807, 0.0027572375609724036, 0.003434140387241652, 0.0026795820452956286, 0.00284356895057797, 0.002821031945157382, 0.002960664725932097, 0.0025267299483621997, 0.0029702465258344473, 0.002844826899980505, 0.0027213128509071816, 0.004144182382841822, 0.004726927811144275, 0.003516910158255858, 0.004244618170224331, 0.004771205349449529, 0.004992502124006227, 0.0027457429501636117, 0.002737351903202688, 0.004254342931822641, 0.004501909153216733, 0.0037827923903398183, 0.0044807451074699136, 0.003164444473280485, 0.005094224711566612, 0.004786194253167922, 0.0043979340369761, 0.0050002435684830294, 0.008067381572582159, 0.006868977245641399, 0.0022685785922835827, 0.005865568476079185, 0.010821371378156575, 0.0038688333130905, 0.005724096542469397, 0.004641151248266875, 0.0029200518413436565, 0.002589466898662298, 0.004007472483668939, 0.0029610140247739924, 0.0030210141858546704, 0.0036397659706461673, 0.0030397426032261754, 0.003931806605401253, 0.005294721429926739, 0.004237726533267411, 0.0025411457631269573, 0.003104533511525575, 0.00375451920141127, 0.004785822705619334, 0.0066128406835666165, 0.0052388187726249875, 0.004566192429981574]
mean=1.0000282428406617
t0=2.131747969750031e-05
u=[ 1.72221176 -0.78089727]
r=0.049957531257272314
b=0.774385113532299
e_mean=8.645787300753938e-06
E_mean=8.137771042582287e-06
e_t0=0.0003030133588685899
E_t0=0.00030421810271671716
e_u=[0.18761657 0.11333107]
E_u=[0.12871542 0.20123717]
e_r=0.0013355639200080052
E_r=0.0013014854465740466
e_b=0.02002324712579362
E_b=0.016256762692745674
