Data/EPIC 212150006/EPIC 212150006-c18_pars.txt : Parameter values
        p_ref=0.8984697933186638
        t0_ref=3419.1110606619673
        ttvs=[0.006185386978288803, 0.0020534239012812844, -0.012882019162308914, 0.00622070240869833, 0.008204573532723438, 0.011614663272408478, 0.007244432096620261, 0.0034764124173238342, -0.0006596273603351869, 0.00923588901003483, 0.00028543576886301813, 0.002871060633922425, 0.005467145198809059, 0.002623751945464452, 0.013460054501881868, 0.0036251268458458693, 0.006425624816442382, 0.004344012147616216, 0.0006383298160596038, 0.003852152933004167, -0.0015132785263727196, 0.00734572121950027, -0.0009965154445725963, 0.0021274533364069896, 0.002153035790500481, 0.0052655056317738175, 0.010665336906988577, 0.0007539741568394762, 0.0005645610561834627, 0.0012207861567270868, 0.0022235505189803413, 0.0035425439797206796, -0.0016371057025371103, 0.0027305440462063986, 0.004130457245473808, 0.0018685469792440886, 0.00553901635278793, 0.006098297956754587, -0.0021627852967019577, 0.00011428485506621514, 0.005170872335707542, 0.002425257899517034, 0.005511970097586609, 0.008144028037699641, 0.0016089426996573797, 1.7779722002191266e-05, 4.072405289635908e-06, -0.0007560942517598227, 0.004361251878366643, 0.195912629196551, 0.0037266866862535435, -0.005493955879974222, -0.0007232288934143481, -0.004200183619998119, -0.0015303468479780505, 0.0008581069059005384]
e_ttvs=[0.0017482927936427316, 0.003722401264994437, 0.0015334099674629686, 0.0021983410525589454, 0.0018761313158031888, 0.023025844062135127, 0.0037269263439816238, 0.0033970526147213656, 0.0034741020615945838, 0.005295856217430186, 0.00398407587307152, 0.004240516575496579, 0.004141025552158911, 0.0035729895929771547, 0.001926569271247765, 0.0044168979986221775, 0.004118292922126361, 0.004420686986577774, 0.00248346066150137, 0.0029169794860006565, 0.001244669726974719, 0.0038380984117421346, 0.0013203820267223972, 0.0021274507273917583, 0.001851634042896998, 0.004055634582999571, 0.004766866017585124, 0.0014443579472088412, 0.0013021416217682052, 0.002382851881152346, 0.001479742051975957, 0.0012757282504035003, 0.004455676686518278, 0.0019246432637545323, 0.001985362521263613, 0.004053391195707294, 0.001269057641346695, 0.0012826969463887918, 0.0037656610257638806, 0.004952551244099028, 0.005020582322562668, 0.0032245014978769903, 0.004439918384357143, 0.002066166428637865, 0.0038859009623508634, 0.003043533508758371, 0.003486452546668327, 0.0035262947703953006, 0.006387041335044721, 0.002328159946666769, 0.0034601838889652347, 0.001425959831887211, 0.001999942266918267, 0.0016710996735237729, 0.0022133460688608247, 0.0020923052040806656]
E_ttvs=[0.0014333473471907932, 0.0027688741610265603, 0.001291597339422539, 0.001466505768546185, 0.0012226705762563433, 0.035478664023490425, 0.0018773382524342082, 0.0034432089179235546, 0.0037541844299650512, 0.002012028675789918, 0.005338787109871115, 0.003964820038097303, 0.003709159968328723, 0.003526175575093669, 0.001661546159903762, 0.0050994588747499585, 0.0037712169542114694, 0.0053670560235451, 0.005263845947281106, 0.0038517796024487667, 0.0013994748858973671, 0.004330881924239003, 0.001524290630590021, 0.0035082291645079063, 0.003442013459282803, 0.007962402296126776, 0.004468796069754501, 0.0013240919762161042, 0.001168924985832364, 0.0014385516199942445, 0.00133882690857377, 0.0015461634738428123, 0.0025457495857205753, 0.0014040862710889106, 0.0012525493926205536, 0.002188593262266014, 0.001148153661768926, 0.0012604628584738159, 0.003778237085517987, 0.0040449021393125974, 0.001928619463023174, 0.0024835247651005836, 0.002503476912585347, 0.0013754096982982952, 0.003190799040923105, 0.003036644738676363, 0.0034448689250386254, 0.004523286573170958, 0.0038642391598940652, 0.001203533496004855, 0.0034272265143238147, 0.00226224324396411, 0.0026363060323898063, 0.004662483020921496, 0.0038226237938403266, 0.0030214213915769087]
mean=1.0000470213711834
t0=3.7740350768630614e-05
u=[ 1.26604364 -0.3666646 ]
r=0.05213806546210288
b=0.8222205128380029
e_mean=8.041982535456071e-06
E_mean=8.072991479535219e-06
e_t0=0.00024180697328152475
E_t0=0.00023542795200208117
e_u=[0.47361119 0.31633975]
E_u=[0.29622284 0.49918153]
e_r=0.002263101088669027
E_r=0.002018851116418502
e_b=0.012138683453304155
E_b=0.010167248838722553
